0.510919351449468
-8.25145470490182
-4.65108824888577
-1.72700819353643
-3.14506013890783
5.86558820016654
-3.34193519656896
5.83743165471035
11.135204969741
5.22708140771441
5.38888706481369
-3.10811112115216
6.32534693408006
3.34825424963959
-0.17354705940407
-6.92226847482939
8.69942469541896
-8.61209866312829
2.94199283367324
3.35501649324615
5.4338863359204
-3.90508066546481
1.79819846700421
1.72005124994876
-0.19134424348058
1.60547142398599
-6.35229741348604
5.00807979995207
3.35719444072214
6.003204668832
5.90795256473873
7.63164126522348
-3.54450478458923
4.47634342052026
-1.67973690403206
4.46435745760445
-8.42294787969036
6.33518586619223
-0.12724646093417
0.994695545436114
-3.69895025774501
-6.4860910005657
3.07977367932142
-7.6889171460541
-0.676846402632777
-1.97047938112859
2.81451699268977
-8.09292906102196
-2.40607590500748
2.99814954269455
6.1765886408821
4.06122095275553
-0.760791930681576
0.279740939716706
0.81438472181722
4.8901651592936
-4.2389518637266
-3.03860708497651
-3.07346186867371
-1.88949421150034
-2.0408362027058
-1.81286130333615
-6.10657038300981
-3.54155791829062
3.3227108094555
-0.922803710998037
-2.63545560384989
9.56649091136444
-9.21443487977768
-5.92021282659107
-11.1910601849786
-3.62471966520871
4.41414265873087
0.298550850359326
4.44844314884771
-2.18156054879809
10.7112567233442
-4.60883278639616
1.38097521198541
-5.12993831158876
-1.91327056474836
1.85812780953263
3.85217810643076
0.521323745641926
0.346075248944355
0.688011154197622
-0.733276748122405
-0.638494026917836
-7.62554372808736
4.11873012265351
5.70940466328457
-2.53516527381968
0.232820266226371
0.140112641050551
-3.31295490513643
4.94122783538487
2.24422914498753
4.61815688266168
-5.48032484742536
11.545218902825
3.01289993649123
-6.06830891808274
4.23858234481873
9.44218032341438
-8.7558365970529
-0.378344129040192
-4.78411391963473
-0.930998240930217
9.39042275251249
1.26901560086587
-10.3233366181452
2.26104728541372
-9.70559474785771
5.68192662435553
-7.28494141833768
3.16513899556604
-8.17092920632643
4.02760477849025
5.47469731610853
2.437871558248
0.365947960373885
2.9970676877429
-7.40536919119892
-0.344348680255843
-0.185256972643682
1.29599655635957
-4.57533422941544
4.3114276397075
9.39293939341792
-3.30457755798651
5.81824601465748
0.507762059668782
-0.752340659459459
-1.35163242766653
-9.55174572342088
-1.55223151087274
0.235691444306181
-1.47258740892561
-1.63779463140411
-2.52537836893816
-0.519911001482791
-8.86108264288527
-3.4029979292356
-3.29831007128113
-0.0652096484534499
1.60471335524047
10.7574346802815
5.66923870760921
-1.70860528693635
2.13003859416102
6.97143565026008
-6.09308505147541
-1.12403384339552
3.02343629770363
-6.97414792366767
-7.70607285748823
1.76157675630728
-5.07811891649772
-1.22684002848951
1.98666299136086
-9.32623145272744
2.83471134579701
5.03085131840899
-7.25677601679823
-5.06088932987732
4.63357767041543
1.20967697542253
7.42412161749285
-1.73853295677398
-6.8520355736602
-1.31978842398236
-3.66326275847458
-3.8901655223869
-0.166241409579092
-8.21753422031061
1.75691430175813
-3.66112216293963
-8.96058759925275
2.71965525581581
-1.02492101641904
-4.62753505851434
8.39819731494925
2.70329689264912
2.72131055392562
6.12538859811961
1.13384520218449
7.12803032993191
1.32247815469891
0.521507377125181
-1.25511093853702
-6.5520672013875
5.3269396956915
5.0319294155428
1.54804773802285
-0.238729841354542
-4.34480302997973
-5.49943751854838
6.48004132827668
4.35239464158089
-3.43184913611174
0.0850715819622904
-2.62054821195261
0.844959726943214
1.2078815498234
-5.230363840357
-1.00921877447644
1.15497083788324
2.49338387089962
1.54064844767606
-6.76467829578698
-1.63373185176681
4.00947474268512
-1.21431239123477
-3.62453023059605
8.27504771056865
-1.44837248893936
-9.06227300243195
1.2364262138646
-9.59764585510565
0.360469995714832
-9.15147791392276
-3.33248926580404
-0.182411102916892
-10.5532137388586
-2.06639478317408
3.76087239379015
11.2705715415889
7.87893362551116
6.66840051970466
8.48812221381851
-2.09953436721915
9.3572368674204
-2.76322338949998
4.59247711401415
7.23251721018576
-5.66086639430374
0.0485713582668753
5.61785807921746
2.83350800236921
-4.14429298811415
4.50541009292117
-3.79816725332133
1.46164889133093
7.12822132812233
2.27297013331833
2.41037619225389
8.12251372714723
-7.05050314727965
14.7323435164147
-13.280175987227
7.43455580553478
-5.24400845869861
7.27967589969043
-5.72329747082383
4.38471209615286
1.141789488266
1.56770183200453
-7.59995305029123
0.225104996154007
1.81402744051571
9.86216503952613
0.433737791218919
5.09017722026857
1.36129129422686
0.447669189748104
8.56200491948772
-10.8485276795152
4.31003885630012
-0.142331681141326
1.78334857711493
-1.65938447079114
5.60456886896977
0.849335287135432
-0.899056326837502
4.33697335648763
-5.77239499116203
-7.89770297834155
0.536774409187519
2.48377918441386
2.36952214076405
-4.32212626087218
-9.29239716283764
-4.83755922208048
-5.83581416970338
6.02377136969798
9.04209161761717
5.79729593637831
3.56120484801555
4.362527348917
3.19270040773638
0.40883474329424
-2.44631153147361
-7.43703776494016
1.06737457710422
5.22908127365871
-2.0005650204562
-1.37869758981638
-5.78198386507511
6.17032236923323
3.75705195629188
-3.26413388244474
-5.29745723803247
3.36825449129364
8.17308622420467
-1.83251053552656
-4.10084072396379
1.52873717581478
-2.90342716177445
-5.73391819385085
1.24872693165054
-1.80332849302903
6.69655538458279
2.98329470558097
-3.00082137008201
-5.78145252566218
2.99381382154666
6.7157581033218
6.66560734319165
7.67381371245928
6.27627019611508
8.45228815999616
-5.15914708813195
-11.6287973594695
5.79276888859053
0.57259276251604
4.55425244905925
4.08970895498393
-7.40995181221294
5.2898285625748
-0.246987603495651
-3.88470978013723
-0.529485755914149
5.23548429230018
-10.0452837367464
-1.53484696877045
8.24539435110233
-0.157855517576033
4.83242539545385
5.95541520726135
6.36594254680859
2.82487097525485
-2.92297145348443
5.32987354114674
-5.91982418415246
-11.5872948919921
-5.72252929839502
-4.49701764632882
7.40800437584965
-3.03737468662873
3.95416397452498
6.77611129456382
4.14970180385505
6.6062425218921
5.37627917806158
0.149622681201852
2.01142963225976
6.68979633311667
4.50201719861319
-6.19486862788992
-1.20894669982414
-4.24059422671441
-4.46037049014952
-8.5701668425766
-4.104201693592
2.09640435275715
2.45091395733075
1.32567292891578
-2.88053624136483
-4.10591506111
-6.86366148326807
-7.79476360454121
0.0360797842508312
14.3443438640105
-5.21558304513161
-0.935416223815928
-7.66236803036922
1.30074070139954
4.23999845651377
-1.51207708005871
-3.67541551261619
2.74609791464953
-0.374205936091871
4.39407162621569
-2.14641413359083
0.213885445979553
-7.39342235794624
4.7414125950163
-0.319089612854237
-5.55280878848651
4.03072453579993
5.66583677974088
1.91035996307253
4.56761302387384
-8.51084580201959
-5.83882038655063
2.69483577337444
-2.29999459315455
-4.19778218030545
-9.08742359282075
7.73013687744123
-11.031875550969
-1.92296857372783
-5.60555977853363
8.13260746866692
-3.40030089182648
-3.05063178184259
4.57887190981476
-3.16207297775477
-7.96283355277491
4.24888012957571
1.22780263360981
-3.89858008730974
0.914071590602607
1.56562765444616
1.13375620380099
-4.57022286725592
7.90911608575524
-0.830622729372067
-3.25563613946395
7.16195361371786
0.394754300261327
1.87335478186837
-1.52232121551761
7.46291812620204
4.55363620211038
0.661706437748028
-0.736751440676704
-4.53761069708729
2.97957781265954
4.96653975011766
-2.13470807801997
-13.5799799327835
-1.15349296508571
8.82602206675631
-1.94346517126264
4.24582470740448
7.60652922851093
-0.896220478621906
1.59056785962299
-2.73002203265192
-5.94988500245178
5.6053008250507
0.955590453558168
6.61620112733745
-1.75917515553358
1.80368272756954
6.12172654261955
6.72236445017911
-3.39207882112969
6.68130683965151
0.230286818111194
0.116430744702524
4.98221865643282
6.51866237509508
5.31172827126712
4.23324187632149
-3.73515411244805
-3.12026246102185
-5.13622107531216
0.0665970069806661
7.03204951766475
-3.89553292178542
-3.47055850361658
5.81290942028394
-11.2657419864482
-13.0222714729811
12.7036629770335
1.12952163090763
0.0120527398918569
-2.53615091131345
7.49493676161282
-5.18815545088776
-3.11503052090091
8.44224242725206
-7.04917409058717
5.94602901233057
2.68784786881004
-1.79940217251998
-2.55124579716411
4.56883734515481
-0.068443246165664
0.557939402244255
2.94170907477376
1.02751261535302
0.721523638480302
-4.7870696761212
-1.17773871020899
-3.59478273860068
7.58466571780549
-0.909241439885315
12.1009028434025
0.292087865639108
0.560767890052792
-5.13241108091783
4.74182078870652
-2.18449504752478
8.16113553615055
2.33847760434159
5.13559055898231
-7.01020353447703
-3.03943136573072
-1.09300894932119
1.32080283423855
2.50736937586973
4.23607631813617
0.931402186476612
5.09793852955544
-6.22086025818869
-0.412742339687663
2.31790308816692
4.89984194109894
6.7729574322064
-2.4268104740065
-7.78735576605501
3.04966968253302
2.34554247072992
-2.17935597617919
-3.1958922683837
-2.92978041552464
0.124605899128865
2.79060632795558
-1.12557173285514
-4.10371185843892
-4.11073261947897
-3.66685502677122
-8.79778663046338
8.08932796906485
-5.59100262550824
3.40298269725315
1.03533545798181
10.6753760664847
-1.01482686127589
-2.42977183796409
-0.360221127159329
-6.44700004058768
-8.04335466482028
-3.87269060511847
3.51581023154297
-2.62130228444401
-12.2752746742585
3.06931834981156
0.137490880341657
-6.98816007319638
-0.858802450936339
1.93929055159049
2.09364269221429
-0.87352670533574
11.4881906967831
0.371735519710746
-11.7000119459146
8.00743987235726
0.142224782612379
2.34200203184282
-6.89623077988813
0.711551992219348
-9.83780545961201
-3.09709539792631
-8.1779104412069
-3.59093993669571
-4.75114261808401
-4.22087687574011
-3.7920502712764
-6.33528890032262
6.62923207799886
1.02297011031141
4.39451254249669
1.93623377598734
-9.88339288703931
1.97083748384012
-3.41076728099501
-5.42878622717153
-8.49545873708452
-5.58669421693771
-8.45266175906966
-1.88358571092843
-5.63888508621039
1.89954760577538
7.67114768438018
-3.6439029295758
-3.04771349810266
12.9134304443406
-0.269010294336029
3.24593222452233
10.3875692639641
4.4105216607823
8.0917324108775
-2.42187472324455
-5.63405787188742
-5.96420621301303
-0.807598038189736
-4.20023742916285
1.58452345940231
-1.22887767454292
-7.70288561276824
0.600439188053633
-3.54924800092916
7.65447737952447
4.51985703042753
-4.86036323362575
0.679401269810599
3.48806329396005
0.443614996864386
2.78877513427558
6.04953132888606
-0.892032965901207
-3.50541593727008
-14.4743139999434
1.05171849712676
-0.0915844218149016
-1.24167207210974
1.84240190326076
-7.49563225644321
-5.66379830115821
2.0741264025253
-5.48197151229097
1.97587707269589
-4.92574518727666
-7.88473191517702
2.15780388860731
12.277930634615
-3.62836099889073
-1.44252428202494
10.5708680603235
-6.76277657361992
-8.48108173564174
-0.321677837631026
0.133153533621512
3.48173460469347
0.0748852661733653
2.83607792237571
4.09105644522126
3.40594527931096
4.64538718845238
-4.4423136453726
-3.0964062917732
7.58227168901128
-2.34535672935634
-6.88464004335801
-8.35645484396121
4.10925270870195
5.2113754118757
3.9730542069581
-0.806893566852606
12.2634617284364
7.05668340534353
0.144906511545354
-4.05573036026829
4.64057148212913
3.15394148007537
11.2268533577804
-0.671418944239923
-6.53566639588254
7.24628823126464
-5.64917887211467
-1.78618522223788
-8.49690755056921
7.14654065391758
1.11261467390515
-6.34647649704767
1.93537669032381
2.97352424742384
-11.4643176626049
-5.5186356494913
5.91743907939448
-2.92769991496944
-0.914752516375931
-0.946916845749271
-0.156612132682466
-3.24458369240482
9.49558764300333
-8.36315664256337
1.31478451954071
-3.72435332952639
-4.32405953777002
-5.72330158952281
3.30121625641768
-2.2283500085306
2.74327575757607
-4.13227925073485
-0.873004499325147
-5.57278968923077
1.09177699369465
0.859206077767669
6.65685935082996
3.53577102690543
4.64802270693637
7.33050259380032
-1.76012877522592
0.236787407041148
-0.770217587295544
5.40110115297876
6.77479658928809
0.173439821607704
-6.0631227741904
1.46158372802732
0.802337452000204
5.5982415190455
2.54872353647865
1.93062440727997
2.70814873549964
-4.1031048404464
-3.51990861709999
6.90094085860239
-1.35859013881439
-3.80849902504906
0.650035436987562
-0.542334351764161
5.86096355533261
0.332042806744394
5.12707066126859
7.6720414659988
2.11366492794819
-0.571163523712912
-0.916411561613817
-9.62446347919778
0.300110883733319
4.12800295412794
7.11356129345827
1.03489001680686
1.8284286458053
-1.00258287722098
-4.48569635722743
-5.04697819186863
-6.60032961887181
0.550462718299777
-2.72352091726657
1.32836540448767
2.62766319187448
-0.157756941012991
1.16848659816989
-4.58229988490763
-0.199396305191571
6.85681004534132
8.48144095372905
6.6107893618563
-1.59931130534842
0.0490660015767532
4.44667220856988
4.02387669047143
4.80278846058846
4.156564425834
1.08416364789919
3.78342541946916
6.57466749141545
-0.324532918030097
1.29741868402542
9.49836240790738
-1.93668932122892
2.1826220286842
-4.73792733319308
-4.86952405960179
-0.943772532377396
-2.39195636053023
-1.61937263516094
-0.792425339490064
1.11709469851045
1.09425461470362
-3.29180976689809
1.56503301678513
-7.2190218458045
2.68455395815722
-0.380994027064799
-0.0470114889818049
-2.16218009327384
2.16239133851792
-1.55953576835007
-8.01277259768032
1.19501647205503
4.52323839061465
-3.02089259476017
4.25018696696078
-4.56797415431621
-0.180207076876972
5.46599711741858
-7.03513003783244
-1.25322104184665
-0.704841670924237
-6.64616518966533
1.85433873285601
10.759433085997
2.29093760837486
7.36780492904765
-4.01757388898682
-3.06334820513136
1.74427238950557
1.48776730755634
-6.94775335099039
11.7860408639169
3.82818269262109
4.25253621040731
-1.9647981737107
6.49633821005609
4.9049263234996
-4.18529839368377
1.79115740068554
1.09365073321804
-2.75924001355593
-1.43724413852179
1.61380545060518
-0.0421175270405665
0.853557169430361
8.76182347348831
1.26577140863601
6.55595589900173
1.40391992990206
-17.4686449014906
3.89902633503368
-3.67030507762108
-1.74559135924385
2.63509323788773
-0.348005285644479
1.79790025616598
0.105532695040337
1.23632137096263
-1.51530637214254
2.42172821119915
4.44551536160314
-1.08600689212185
-3.3286162127417
3.69255200655289
-1.21554761444477
-7.66183167405161
-7.47752818207542
7.69024262158589
-2.73372905075941
2.21020070076218
-3.82751756333056
-1.00527548882956
1.97355360800287
2.71805657916563
-9.98520756751137
0.939575593628405
-3.09717791895448
-12.0985508080903
-1.83666165226785
2.40807271449774
-3.86372035421792
-13.6035380850984
-9.04136852142514
-12.7222362325602
-2.14576949572736
-11.9477991577452
-0.983477282392304
-2.68638542224938
2.61386281077184
2.17304446987827
-4.01219324330537
-2.88728254658862
-0.504167186994893
-3.89262957993975
3.8825675021418
1.78932901906135
-8.23451409326015
11.2065939025483
-4.32838632903639
-7.05382081002163
-0.803582323322789
-0.32857180363838
-2.80657509282973
-5.23038394530435
12.0125328382205
4.12386637545912
6.64830606471325
-0.69151998374578
1.85459843098537
3.55421295878145
7.10876268814145
8.16103795504514
-5.13614576989554
-2.79181924579913
5.50333061645172
2.99469111523114
2.40437393097181
1.07176057864556
5.05139912210967
1.7434731232158
6.59412262894318
0.877898702549735
13.0648976823566
-2.70813496460354
8.30315588775683
-2.45017054332959
-7.27529371741563
-1.41936270478793
6.98510662171619
-3.47270314165538
2.18683277897132
5.49722513934054
-1.49279819730186
-4.99167550684289
4.55335545265133
2.31750837425476
2.83373330112703
4.99459457811522
0.0361634391097124
0.162273850638659
-3.19763802966456
-0.949073461292885
-3.4930282995673
4.81062422167687
-1.25471181577148
3.41755623137837
-15.7593377569621
-1.33068698903492
-2.40950867817389
-1.77952025259837
3.67555680895531
8.88932176980989
-4.42593296487322
4.60305657484446
10.008582282979
-0.830232890292895
-9.5558723577594
-0.220449562557124
-1.40367057674562
1.94365720960287
5.28453141941326
7.39267183646488
-4.42746813651815
-6.05292812344471
-0.944192154920294
0.861462540530558
0.416643796366486
5.89940088518891
7.17822630721728
-0.149678139630508
-2.0830220844189
5.21953447727573
-0.479525473083138
-5.06399476892599
-8.45390744699292
-2.01439838235009
-4.79442703074179
-2.75090666202414
-6.87848899851502
0.120592066744045
2.02273986294112
-5.57472531524291
-7.5660279818556
5.24436835346237
2.47943729031033
-6.22032232707891
-1.48706174960744
4.17721935040182
-7.88257007110793
3.31215481830807
0.951984134794021
2.26016192685698
-4.24583567495181
-0.644973451532553
1.37958221087015
2.75949684420453
-3.06297339632727
7.09266495323044
-1.57568918739836
2.38387425545219
4.83105553952404
3.91460215834376
-0.222272347117765
0.377751999363095
4.04862596344199
3.26357214743676
-4.86180388775375
1.71960241014296
-3.36154838089492
-0.0390306345197722
4.25641009885284
4.9479774120353
0.00731296894232365
-2.98996253375631
0.618492775166197
3.98634461458538
-2.43378218313015
-3.26342943929929
-2.17235402005035
2.14513632594989
-3.24771525340362
-4.7201229964954
5.19769498196741
2.35890522767066
4.68664360109751
4.44350403451114
0.613747639620606
-1.25156663573648
-8.23654655150439
7.09808682347925
0.437393670536077
-2.82999576926562
5.9051561394967
-2.81629129421118
4.39713994167498
-6.94441892502019
-6.45113017795381
6.13773483809273
-6.60649180299228
-10.2073747567481
10.8077776016809
10.4688314119203
-1.04343726747406
0.936645949974305
